*************************************** Sortowanie babelkowe ***************************************

        N         1         2         3         4         5       œredna 
     1024: 0.003486  0.003414  0.003442  0.003516  0.004222      0.003616
     2048: 0.013874  0.013842  0.016387  0.018820  0.017611      0.016107
     4096: 0.094974  0.068131  0.064083  0.061359  0.060061      0.069722
     8192: 0.300341  0.280424  0.273137  0.272614  0.272764      0.279856
    16384: 1.158428  1.167526  1.167591  1.220617  1.166380      1.176108
    32768: 4.847683  4.855028  4.973095  4.834322  4.832197      4.868465
    65536: 19.905082  19.941497  19.832498  19.643340  19.667277     19.797939
   131072: 80.201734  83.401165  82.111727  82.479304  84.528258     82.544438

 ******************************** Sortowanie przez proste wybieranie ********************************

        N         1         2         3         4         5       œredna 
     1024: 0.001477  0.001459  0.001515  0.001678  0.001566      0.001539
     2048: 0.005867  0.005846  0.005887  0.006389  0.006278      0.006053
     4096: 0.030107  0.028699  0.031270  0.025598  0.025227      0.028180
     8192: 0.102707  0.114083  0.108421  0.122878  0.118733      0.113364
    16384: 0.401091  0.416772  0.400064  0.395235  0.461754      0.414983
    32768: 1.578914  1.575355  1.561593  1.565009  1.565653      1.569305
    65536: 6.252890  6.252264  6.244142  6.251963  6.321018      6.264455
   131072: 25.307185  25.098985  24.703169  24.365877  24.955344     24.886112
   262144: 100.102176  101.384290  97.408359  97.834729  98.301527     99.006216

 ******************************** Sortowanie przez proste wstawianie ********************************

        N         1         2         3         4         5       œredna 
     1024: 0.000794  0.000717  0.000807  0.001024  0.000738      0.000816
     2048: 0.002768  0.002738  0.002713  0.002975  0.002774      0.002793
     4096: 0.017998  0.012701  0.015785  0.012345  0.011601      0.014086
     8192: 0.051314  0.097290  0.063607  0.044606  0.048499      0.061063
    16384: 0.219723  0.214611  0.199851  0.183681  0.187783      0.201130
    32768: 0.794622  0.758982  0.723276  0.730897  0.727140      0.746983
    65536: 2.897216  2.845180  2.945415  2.899502  3.028833      2.923229
   131072: 11.629674  11.601197  11.661540  11.629106  11.640519     11.632407
   262144: 46.549950  47.253937  46.413482  46.473846  47.704447     46.879133

**************************************** Sortowanie Shella *****************************************

        N         1         2         3         4         5       œredna 
     1024: 0.000104  0.000111  0.000104  0.000105  0.000107      0.000106
     2048: 0.000245  0.000250  0.000249  0.000243  0.000248      0.000247
     4096: 0.000551  0.000587  0.000554  0.000548  0.000553      0.000559
     8192: 0.001613  0.001242  0.001234  0.001480  0.001252      0.001364
    16384: 0.002853  0.003287  0.002736  0.004061  0.004669      0.003521
    32768: 0.007808  0.006393  0.006288  0.006179  0.007470      0.006828
    65536: 0.014005  0.014755  0.015081  0.015142  0.014683      0.014733
   131072: 0.033903  0.032386  0.032129  0.035198  0.033621      0.033447
   262144: 0.079378  0.074910  0.073770  0.074908  0.087212      0.078036
   524288: 0.165165  0.160273  0.166801  0.159858  0.164927      0.163405
  1048576: 0.362152  0.379692  0.372305  0.368283  0.360343      0.368555
  2097152: 0.868732  0.787018  0.845924  0.857315  0.818957      0.835589
  4194304: 1.814186  1.833165  1.856357  1.884723  1.893299      1.856346
  8388608: 4.271910  4.263921  4.142396  4.175936  4.550316      4.280896
 16777216: 9.777378  9.466780  9.216497  8.846575  9.746248      9.410695
 33554432: 21.411972  21.304917  22.974449  22.458115  21.313647     21.892620

 **************************************** Sortowanie szybkie ****************************************

        N         1         2         3         4         5       œredna 
     1024: 0.000111  0.000112  0.000115  0.000110  0.000109      0.000112
     2048: 0.000235  0.000230  0.000231  0.000237  0.000233      0.000233
     4096: 0.000507  0.000494  0.000503  0.000745  0.000515      0.000553
     8192: 0.002018  0.001150  0.001089  0.001994  0.001300      0.001510
    16384: 0.002491  0.002497  0.005661  0.002734  0.002373      0.003151
    32768: 0.005384  0.004746  0.005310  0.004919  0.004922      0.005056
    65536: 0.010142  0.010496  0.010761  0.010503  0.010169      0.010414
   131072: 0.023345  0.022124  0.021670  0.022818  0.022657      0.022523
   262144: 0.053181  0.045489  0.044936  0.046255  0.044695      0.046911
   524288: 0.097445  0.097676  0.116458  0.101709  0.095455      0.101749
  1048576: 0.195987  0.205624  0.238677  0.217768  0.195691      0.210749
  2097152: 0.419417  0.411608  0.420595  0.461952  0.429065      0.428527
  4194304: 0.889001  0.899164  0.902436  0.882608  0.994777      0.913597
  8388608: 1.934174  1.870820  2.132186  1.871250  1.836725      1.929031
 16777216: 3.848695  3.801105  3.874379  3.911222  3.889927      3.865066
 33554432: 8.192511  8.138641  8.076218  8.253334  7.960972      8.124335
 67108864: 16.655885  
 
**************************************** Sortowanie kopcowe ****************************************

        N         1         2         3         4         5       œredna 
     1024: 0.000324  0.000345  0.000339  0.000303  0.000293      0.000321
     2048: 0.000769  0.000669  0.000682  0.000702  0.000649      0.000694
     4096: 0.001534  0.001570  0.001532  0.002098  0.001601      0.001667
     8192: 0.003339  0.004078  0.003288  0.003424  0.004309      0.003687
    16384: 0.008326  0.007693  0.007361  0.014181  0.007293      0.008971
    32768: 0.017262  0.016961  0.016497  0.018204  0.022523      0.018289
    65536: 0.035396  0.034319  0.035001  0.036475  0.033192      0.034877
   131072: 0.081585  0.071069  0.075384  0.071300  0.073069      0.074481
   262144: 0.169693  0.159640  0.160596  0.163765  0.159378      0.162615
   524288: 0.344757  0.347106  0.344461  0.345022  0.348424      0.345954
  1048576: 0.761892  0.762169  0.765910  0.769609  0.755398      0.762996
  2097152: 1.733941  1.711846  1.709072  1.716252  1.725971      1.719417
  4194304: 3.895662  3.896068  3.906519  3.887645  3.895572      3.896293
  8388608: 8.885509  8.907280  8.912471  9.149836  8.888480      8.948715
 16777216: 20.356916  20.098030  20.081100  19.746126  19.894525     20.035340
 33554432: 44.126583  44.443199  49.545230  49.328534  51.944804     47.877670

*************************************** Sortowanie std::sort ***************************************

        N         1         2         3         4         5       œredna 
     1024: 0.001498  0.001449  0.001168  0.001556  0.001312      0.001397
     2048: 0.002996  0.003004  0.004194  0.002830  0.003359      0.003277
     4096: 0.007308  0.008745  0.007147  0.006525  0.006317      0.007208
     8192: 0.013148  0.012345  0.015781  0.018059  0.014493      0.014765
    16384: 0.029028  0.029012  0.031345  0.030626  0.033201      0.030642
    32768: 0.058983  0.077702  0.059559  0.076796  0.058136      0.066235
    65536: 0.133547  0.125723  0.136054  0.129478  0.134219      0.131804
   131072: 0.289981  0.269428  0.277412  0.292368  0.276038      0.281045
   262144: 0.590218  0.602908  0.568018  0.571171  0.570327      0.580528
   524288: 1.205993  1.216907  1.236490  1.203905  1.225801      1.217819
  1048576: 2.550152  2.604058  2.502679  2.563929  2.547552      2.553674
  2097152: 5.362699  5.316755  5.423301  5.418637  5.615594      5.427397
  4194304: 11.942199  11.492320  11.651974  11.992850  11.431239     11.702116
  8388608: 24.294444  24.506560  23.684825  23.531256  23.779082     23.959234
 16777216: 49.546196  50.220678  50.365239  50.531961  51.310623     50.394940

  






 ***************************** Sortowanie babelkowe - dane posortowane ******************************

        N         1         2         3         4         5       œredna 
     1024: 0.003317  0.003131  0.003132  0.003599  0.003481      0.003332
     2048: 0.014862  0.013158  0.012928  0.019993  0.014197      0.015028
     4096: 0.055071  0.050055  0.052869  0.059474  0.056709      0.054836
     8192: 0.227758  0.206281  0.209482  0.204537  0.207949      0.211201
    16384: 0.806739  0.797139  0.817344  0.871733  0.882115      0.835014
    32768: 3.439610  3.376843  3.232901  3.127654  3.137731      3.262948
    65536: 12.476832  12.601103  12.615970  12.619226  12.624110     12.587448
   131072: 50.512158  50.459293  50.468502  50.507332  50.541721     50.497801

 ******************************* Sortowanie Shella - dane posortowane *******************************

        N         1         2         3         4         5       œredna 
     1024: 0.000019  0.000043  0.000018  0.000018  0.000018      0.000023
     2048: 0.000045  0.000043  0.000047  0.000046  0.000047      0.000046
     4096: 0.000102  0.000138  0.000098  0.000106  0.000101      0.000109
     8192: 0.000236  0.000215  0.000218  0.000260  0.000218      0.000229
    16384: 0.000508  0.000479  0.000534  0.000498  0.000489      0.000502
    32768: 0.001109  0.001236  0.001088  0.001105  0.001151      0.001138
    65536: 0.002283  0.002381  0.003028  0.002493  0.002252      0.002487
   131072: 0.005071  0.015473  0.004904  0.005321  0.005298      0.007213
   262144: 0.010222  0.009968  0.010278  0.009935  0.010705      0.010222
   524288: 0.022208  0.022434  0.022763  0.021738  0.022800      0.022389
  1048576: 0.048496  0.048930  0.049892  0.049812  0.049026      0.049231
  2097152: 0.099375  0.098097  0.098946  0.096536  0.098707      0.098332
  4194304: 0.213629  0.215622  0.212853  0.212731  0.214005      0.213768
  8388608: 0.453648  0.452355  0.453077  0.451635  0.454908      0.453125
 16777216: 0.921799  0.925973  0.919183  0.917703  0.924623      0.921856
 33554432: 1.961471  1.950283  1.918570  1.918082  1.939570      1.937595
 67108864: 4.068257  4.073369  4.075911  4.112398  4.163156      4.098618

********************** Sortowanie przez proste wstawianie - dane posortowane ***********************

        N         1         2         3         4         5       œredna 
     1024: 0.000004  0.000004  0.000004  0.000011  0.000004      0.000005
     2048: 0.000007  0.000008  0.000008  0.000008  0.000007      0.000008
     4096: 0.000014  0.000014  0.000027  0.000015  0.000014      0.000017
     8192: 0.000029  0.000030  0.000030  0.000030  0.000032      0.000030
    16384: 0.000063  0.000093  0.000340  0.000061  0.000060      0.000123
    32768: 0.000121  0.000130  0.000121  0.000122  0.000121      0.000123
    65536: 0.000242  0.000256  0.000241  0.000242  0.000243      0.000245
   131072: 0.000484  0.000483  0.000625  0.000482  0.000452      0.000505
   262144: 0.000970  0.000906  0.000903  0.000961  0.001348      0.001017
   524288: 0.002577  0.001856  0.002208  0.003269  0.001841      0.002350
  1048576: 0.004016  0.003731  0.003804  0.003972  0.004548      0.004014
  2097152: 0.009035  0.007620  0.008459  0.008106  0.008695      0.008383
  4194304: 0.016483  0.016837  0.016605  0.017466  0.017511      0.016981
  8388608: 0.036531  0.038315  0.033914  0.033208  0.032553      0.034904

********************** Sortowanie przez proste wybieranie - dane posortowane ***********************

        N         1         2         3         4         5       œredna 
     1024: 0.001419  0.001573  0.001430  0.001443  0.001447      0.001462
     2048: 0.005815  0.005753  0.005881  0.006281  0.006218      0.005989
     4096: 0.031327  0.028147  0.025050  0.025637  0.026770      0.027386
     8192: 0.120960  0.101166  0.103533  0.107261  0.112440      0.109072
    16384: 0.396144  0.374061  0.388413  0.391551  0.386855      0.387405
    32768: 1.547696  1.541767  1.551284  1.545772  1.548792      1.547062
    65536: 6.205874  6.204721  6.175558  6.200487  6.196363      6.196601
   131072: 24.744818  24.749125  25.190238  24.792373  24.824642     24.860239
   262144: 99.421914  103.128368  101.410585  101.697021  99.592059    101.049989

 ***************************** Sortowanie babelkowe - dane posortowane ******************************

        N         1         2         3         4         5       œredna 
     1024: 0.003513  0.003239  0.003156  0.003891  0.003095      0.003379
     2048: 0.013387  0.013284  0.012556  0.016361  0.016244      0.014366
     4096: 0.076854  0.055237  0.057308  0.059687  0.056178      0.061053
     8192: 0.222917  0.238642  0.208481  0.209500  0.211663      0.218241
    16384: 0.826851  0.831611  0.823046  0.814683  0.817713      0.822781
    32768: 3.267022  3.268205  3.293163  3.297545  3.291967      3.283581
    65536: 13.284907  13.178601  13.186008  13.186421  13.161742     13.199536
   131072: 52.764834  55.112272  56.652485  55.915856  54.518446     54.992779

****************************** Sortowanie kopcowe - dane posortowane *******************************

        N         1         2         3         4         5       œredna 
     1024: 0.000712  0.000719  0.000550  0.000559  0.000550      0.000618
     2048: 0.000965  0.000960  0.000805  0.000903  0.000837      0.000894
     4096: 0.001487  0.001440  0.001627  0.001427  0.001826      0.001562
     8192: 0.003594  0.004241  0.006490  0.004148  0.003220      0.004338
    16384: 0.007289  0.007639  0.006557  0.008793  0.009197      0.007895
    32768: 0.016895  0.017758  0.017415  0.013655  0.014690      0.016083
    65536: 0.031858  0.032023  0.030225  0.033561  0.041771      0.033887
   131072: 0.062644  0.063175  0.064226  0.061747  0.060397      0.062438
   262144: 0.130618  0.130788  0.132082  0.132259  0.131154      0.131380
   524288: 0.276290  0.277446  0.277903  0.276447  0.280469      0.277711
  1048576: 0.589940  0.599492  0.591117  0.584425  0.584027      0.589800
  2097152: 1.244940  1.224702  1.224902  1.228313  1.224669      1.229505
  4194304: 2.570176  2.558409  2.573837  2.572383  2.562778      2.567517
  8388608: 5.379831  5.361947  5.472138  5.832287  5.766920      5.562625
 16777216: 12.015955  12.128306  12.020982  12.081134  12.067088     12.062693
 33554432: 25.403926  25.045227  25.599744  25.304428  25.175541     25.305773

 ********************************* Sortowanie babelkowe - duplikaty *********************************

        N         1         2         3         4         5       œredna 
     1024: 0.003069  0.003627  0.003398  0.004661  0.003327      0.003616
     2048: 0.013827  0.027230  0.041095  0.028886  0.020633      0.026334
     4096: 0.090936  0.089072  0.080434  0.079182  0.065483      0.081021
     8192: 0.374166  0.340351  0.225983  0.223290  0.227156      0.278189
    16384: 0.903535  0.949644  0.877969  0.863089  0.921496      0.903147
    32768: 3.526251  3.417778  3.345228  3.447968  3.354344      3.418314
    65536: 13.185628  13.146574  14.494550  14.640878  14.558424     14.005211
   131072: 56.079036  56.606617  56.303338  55.808184  55.890713     56.137578

 ************************** Sortowanie przez proste wybieranie - duplikaty **************************

        N         1         2         3         4         5       œredna 
     1024: 0.001446  0.001454  0.001494  0.001593  0.001826      0.001563
     2048: 0.006239  0.005817  0.006091  0.006641  0.007226      0.006403
     4096: 0.033609  0.035315  0.039421  0.035497  0.031735      0.035115
     8192: 0.154032  0.205555  0.112266  0.112107  0.130454      0.142883
    16384: 0.494899  0.408560  0.422236  0.408800  0.402571      0.427413
    32768: 1.696497  1.630943  1.635194  1.615138  1.619473      1.639449
    65536: 6.837811  6.645190  6.639291  6.611743  6.649284      6.676664
   131072: 26.025222  26.335826  26.373732  26.389278  26.023103     26.229432
   262144: 108.327981  116.019760  108.792423  107.500811  109.744569    110.077109

 ************************** Sortowanie przez proste wstawianie - duplikaty **************************

        N         1         2         3         4         5       œredna 
     1024: 0.000004  0.000004  0.000004  0.000004  0.000004      0.000004
     2048: 0.000008  0.000007  0.000007  0.000008  0.000008      0.000008
     4096: 0.000016  0.000015  0.000016  0.000017  0.000031      0.000019
     8192: 0.000042  0.000030  0.000048  0.000038  0.000032      0.000038
    16384: 0.000063  0.000063  0.000062  0.000062  0.000062      0.000062
    32768: 0.000144  0.000121  0.000122  0.000123  0.000379      0.000178
    65536: 0.000253  0.000311  0.000484  0.000423  0.000411      0.000376
   131072: 0.000551  0.000486  0.002667  0.000607  0.000622      0.000986
   262144: 0.001281  0.001133  0.001028  0.001100  0.001058      0.001120
   524288: 0.002738  0.005421  0.002064  0.002865  0.002951      0.003208
  1048576: 0.004274  0.005081  0.004299  0.006753  0.004407      0.004963
  2097152: 0.008988  0.022418  0.008483  0.010666  0.008897      0.011890
  4194304: 0.022165  0.017836  0.018059  0.017444  0.020299      0.019161
  8388608: 0.042878  0.044016  0.039054  0.036016  0.039714      0.040336
 16777216: 0.073925  0.073751  0.070901  0.077788  0.070546      0.073382
 33554432: 0.154159  0.140895  0.143483  0.147419  0.148291      0.146849
 67108864: 0.316419  0.334731  0.277949  0.329175  0.317337      0.315122
  ********************************** Sortowanie Shella - duplikaty ***********************************

        N         1         2         3         4         5       œredna 
     1024: 0.000023  0.000022  0.000021  0.000020  0.000020      0.000021
     2048: 0.000048  0.000046  0.000046  0.000061  0.000075      0.000055
     4096: 0.000106  0.000126  0.000105  0.000106  0.000120      0.000113
     8192: 0.000306  0.000215  0.000219  0.000250  0.000507      0.000299
    16384: 0.000635  0.000510  0.000601  0.000603  0.000562      0.000582
    32768: 0.001678  0.004181  0.001184  0.001765  0.001162      0.001994
    65536: 0.002256  0.002251  0.003544  0.003609  0.003256      0.002983
   131072: 0.006514  0.006627  0.007179  0.005611  0.006868      0.006560
   262144: 0.016419  0.021633  0.011901  0.012014  0.012818      0.014957
   524288: 0.025927  0.026408  0.039510  0.064828  0.031154      0.037565
  1048576: 0.056334  0.055173  0.051080  0.060001  0.057182      0.055954
  2097152: 0.105258  0.113189  0.118087  0.111324  0.110416      0.111655
  4194304: 0.234391  0.240357  0.227566  0.233084  0.235225      0.234125
  8388608: 0.518338  0.510821  0.499654  0.504255  0.509191      0.508452
 16777216: 1.010649  1.032060  1.025651  1.029399  1.045954      1.028743
 33554432: 2.183814  2.168331  2.162495  2.141555  2.158032      2.162845

 ********************************** Sortowanie kopcowe - duplikaty **********************************

        N         1         2         3         4         5       œredna 
     1024: 0.000057  0.000039  0.000038  0.000039  0.000038      0.000042
     2048: 0.000076  0.000076  0.000078  0.000105  0.000078      0.000083
     4096: 0.000154  0.000153  0.000177  0.000160  0.000155      0.000160
     8192: 0.000306  0.000307  0.000312  0.000305  0.000315      0.000309
    16384: 0.000624  0.000666  0.000644  0.000683  0.000763      0.000676
    32768: 0.001244  0.001386  0.002086  0.001330  0.001237      0.001456
    65536: 0.002595  0.009029  0.003673  0.004379  0.002440      0.004423
   131072: 0.009941  0.018044  0.006947  0.005366  0.005103      0.009080
   262144: 0.028808  0.020690  0.012231  0.016311  0.012881      0.018184
   524288: 0.027687  0.026761  0.031073  0.026191  0.031078      0.028558
  1048576: 0.043171  0.042434  0.044980  0.045734  0.051119      0.045488
  2097152: 0.092951  0.092525  0.089191  0.087822  0.094737      0.091445
  4194304: 0.187105  0.177880  0.183267  0.188617  0.174475      0.182269
  8388608: 0.367508  0.356629  0.356300  0.369633  0.355666      0.361147
 16777216: 0.731203  0.729406  0.701065  0.750218  0.737227      0.729824
 33554432: 1.437586  1.434264  1.456446  1.431152  1.436494      1.439188
 67108864: 2.864480  2.882967  2.814580  2.788648  2.847901      2.839715 

****************************** Sortowanie szybkie - dane posortowane *******************************

        N         1         2         3         4         5       œredna 
     1024: 0.000043  0.000055  0.000048  0.000048  0.000048      0.000049
     2048: 0.000103  0.000103  0.000103  0.000103  0.000103      0.000103
     4096: 0.000224  0.000224  0.000222  0.000159  0.000144      0.000195
     8192: 0.000293  0.000714  0.000280  0.000293  0.000542      0.000424
    16384: 0.001269  0.001047  0.000825  0.000623  0.000621      0.000877
    32768: 0.001465  0.001312  0.001305  0.001343  0.001555      0.001396
    65536: 0.003153  0.002864  0.004203  0.003969  0.003409      0.003520
   131072: 0.006012  0.005788  0.006384  0.005820  0.008013      0.006403
   262144: 0.013454  0.012811  0.012958  0.014598  0.015721      0.013909
   524288: 0.077873  0.027825  0.026699  0.026992  0.029131      0.037704
  1048576: 0.058767  0.057098  0.060343  0.058213  0.059623      0.058809
  2097152: 0.122783  0.121798  0.122715  0.120002  0.123717      0.122203
  4194304: 0.252260  0.278253  0.259097  0.255779  0.256594      0.260397
  8388608: 0.568813  0.535282  0.542244  0.543550  0.562863      0.550551
 16777216: 1.171341  1.179169  1.133889  1.123743  1.109765      1.143581
 33554432: 2.381051  2.527371  2.320040  2.322189  2.323813      2.374893
 
  ********************************** Sortowanie szybkie - duplikaty **********************************

        N         1         2         3         4         5       œredna 
     1024: 0.000030  0.000029  0.000029  0.000028  0.000027      0.000029
     2048: 0.000107  0.000091  0.000059  0.000114  0.000100      0.000094
     4096: 0.000156  0.000133  0.000152  0.000132  0.000136      0.000142
     8192: 0.000294  0.000292  0.000377  0.000295  0.000349      0.000321
    16384: 0.005302  0.001293  0.001177  0.000632  0.000914      0.001864
    32768: 0.001431  0.001429  0.001449  0.001356  0.001542      0.001441
    65536: 0.002904  0.002743  0.002922  0.002855  0.002842      0.002853
   131072: 0.005977  0.006241  0.006913  0.005760  0.006065      0.006191
   262144: 0.012436  0.013701  0.013269  0.015468  0.015852      0.014145
   524288: 0.028783  0.027838  0.028519  0.033801  0.026772      0.029142
  1048576: 0.060140  0.058683  0.058893  0.061382  0.062050      0.060229
  2097152: 0.122027  0.130013  0.120694  0.129780  0.121250      0.124753
  4194304: 0.266642  0.272409  0.256717  0.252250  0.261615      0.261927
  8388608: 0.566896  0.533723  0.569373  0.533980  0.562274      0.553249
 16777216: 1.157816  1.125776  1.127315  1.138724  1.180591      1.146044
 33554432: 2.316351  2.332254  2.408893  2.308248  2.323970      2.337943
 67108864: 4.786210   ***************************** Sortowanie std::sort - dane posortowane ******************************

        N         1         2         3         4         5       œredna 
     1024: 0.000443  0.000462  0.000630  0.000466  0.000430      0.000486
     2048: 0.001083  0.001069  0.001015  0.001013  0.001019      0.001040
     4096: 0.002546  0.002360  0.002867  0.002422  0.002427      0.002525
     8192: 0.005777  0.005625  0.006129  0.005106  0.005765      0.005680
    16384: 0.011687  0.012531  0.010990  0.013838  0.011349      0.012079
    32768: 0.026563  0.027991  0.028622  0.024030  0.024707      0.026383
    65536: 0.053647  0.055621  0.055355  0.052718  0.054102      0.054288
   131072: 0.116207  0.114349  0.116779  0.116019  0.114033      0.115477
   262144: 0.257408  0.247948  0.244977  0.246032  0.246109      0.248495
   524288: 0.529570  0.525020  0.527951  0.536636  0.543907      0.532617
  1048576: 1.130358  1.138052  1.112237  1.114082  1.132571      1.125460
  2097152: 2.364192  2.376969  2.375389  2.369396  2.373252      2.371840
  4194304: 5.015477  4.950631  4.925041  4.988634  4.950352      4.966027
  8388608: 10.571172  10.682214  10.542601  10.541220  10.486678     10.564777
 16777216: 21.940002  21.916226  21.918754  22.088374  23.353667     22.243404 

***************************** Sortowanie std::sort - duplikaty ******************************

        N         1         2         3         4         5       œredna 
     1024: 0.000078  0.000076  0.000068  0.000069  0.000069      0.000072
     2048: 0.000132  0.000155  0.000133  0.000149  0.000134      0.000141
     4096: 0.000269  0.000268  0.000270  0.000271  0.000272      0.000270
     8192: 0.000476  0.000514  0.000518  0.000480  0.000491      0.000496
    16384: 0.000940  0.000976  0.001023  0.000955  0.000995      0.000978
    32768: 0.001993  0.002051  0.002027  0.002327  0.001983      0.002076
    65536: 0.005041  0.005175  0.013570  0.006554  0.003822      0.006832
   131072: 0.022210  0.009335  0.008287  0.008922  0.008311      0.011413
   262144: 0.018620  0.017304  0.016566  0.018752  0.022222      0.018693
   524288: 0.039488  0.036776  0.067474  0.038099  0.036785      0.043724
  1048576: 0.089494  0.103284  0.067988  0.075002  0.082487      0.083651
  2097152: 0.160105  0.134989  0.133882  0.134882  0.132825      0.139337
  4194304: 0.267627  0.272398  0.284561  0.273721  0.274936      0.274649
  8388608: 0.537080  0.540156  0.540579  0.538120  0.544213      0.540030
 16777216: 1.095494  1.083115  1.083539  1.092770  1.090544      1.089092
 33554432: 2.182095  2.178256  2.165185  2.175531  2.150639      2.170341
 67108864: 4.329865  4.303539  4.299155  4.289852  4.348420      4.314166

 